/*--------------------------------*- C++ -*----------------------------------*\
| =========                 |                                                 |
| \\      /  F ield         | OpenFOAM: The Open Source CFD Toolbox           |
|  \\    /   O peration     | Version:  2506                                  |
|   \\  /    A nd           | Website:  www.openfoam.com                      |
|    \\/     M anipulation  |                                                 |
\*---------------------------------------------------------------------------*/
FoamFile
{
    version     2.0;
    format      ascii;
    arch        "LSB;label=32;scalar=64";
    class       volScalarField;
    location    "0.2184";
    object      rho;
}
// * * * * * * * * * * * * * * * * * * * * * * * * * * * * * * * * * * * * * //

dimensions      [1 -3 0 0 0 0 0];

internalField   nonuniform List<scalar> 
400
(
999.142
1001.09
1001.29
1001.34
1001.35
1001.36
1001.36
1001.36
1001.36
1001.36
1001.36
1001.36
1001.36
1001.36
1001.36
1001.36
1001.36
1001.36
1001.36
1001.36
999.485
1000.88
1001.19
1001.3
1001.34
1001.35
1001.36
1001.36
1001.36
1001.36
1001.36
1001.36
1001.36
1001.36
1001.36
1001.36
1001.36
1001.36
1001.36
1001.36
999.55
1000.84
1001.16
1001.28
1001.33
1001.35
1001.36
1001.36
1001.36
1001.36
1001.36
1001.36
1001.36
1001.36
1001.36
1001.36
1001.36
1001.36
1001.36
1001.36
999.562
1000.83
1001.14
1001.27
1001.32
1001.35
1001.35
1001.36
1001.36
1001.36
1001.36
1001.36
1001.36
1001.36
1001.36
1001.36
1001.36
1001.36
1001.36
1001.36
999.565
1000.83
1001.14
1001.27
1001.32
1001.35
1001.35
1001.36
1001.36
1001.36
1001.36
1001.36
1001.36
1001.36
1001.36
1001.36
1001.36
1001.36
1001.36
1001.36
999.566
1000.83
1001.14
1001.27
1001.32
1001.34
1001.35
1001.36
1001.36
1001.36
1001.36
1001.36
1001.36
1001.36
1001.36
1001.36
1001.36
1001.36
1001.36
1001.36
999.567
1000.82
1001.14
1001.27
1001.32
1001.34
1001.35
1001.36
1001.36
1001.36
1001.36
1001.36
1001.36
1001.36
1001.36
1001.36
1001.36
1001.36
1001.36
1001.36
999.567
1000.82
1001.14
1001.27
1001.32
1001.34
1001.35
1001.36
1001.36
1001.36
1001.36
1001.36
1001.36
1001.36
1001.36
1001.36
1001.36
1001.36
1001.36
1001.36
999.567
1000.82
1001.14
1001.27
1001.32
1001.34
1001.35
1001.36
1001.36
1001.36
1001.36
1001.36
1001.36
1001.36
1001.36
1001.36
1001.36
1001.36
1001.36
1001.36
999.567
1000.82
1001.14
1001.27
1001.32
1001.34
1001.35
1001.36
1001.36
1001.36
1001.36
1001.36
1001.36
1001.36
1001.36
1001.36
1001.36
1001.36
1001.36
1001.36
999.567
1000.82
1001.14
1001.27
1001.32
1001.34
1001.35
1001.36
1001.36
1001.36
1001.36
1001.36
1001.36
1001.36
1001.36
1001.36
1001.36
1001.36
1001.36
1001.36
999.567
1000.82
1001.14
1001.27
1001.32
1001.34
1001.35
1001.36
1001.36
1001.36
1001.36
1001.36
1001.36
1001.36
1001.36
1001.36
1001.36
1001.36
1001.36
1001.36
999.567
1000.82
1001.14
1001.27
1001.32
1001.34
1001.35
1001.36
1001.36
1001.36
1001.36
1001.36
1001.36
1001.36
1001.36
1001.36
1001.36
1001.36
1001.36
1001.36
999.567
1000.82
1001.14
1001.27
1001.32
1001.34
1001.35
1001.36
1001.36
1001.36
1001.36
1001.36
1001.36
1001.36
1001.36
1001.36
1001.36
1001.36
1001.36
1001.36
999.566
1000.83
1001.14
1001.27
1001.32
1001.34
1001.35
1001.36
1001.36
1001.36
1001.36
1001.36
1001.36
1001.36
1001.36
1001.36
1001.36
1001.36
1001.36
1001.36
999.565
1000.83
1001.14
1001.27
1001.32
1001.35
1001.35
1001.36
1001.36
1001.36
1001.36
1001.36
1001.36
1001.36
1001.36
1001.36
1001.36
1001.36
1001.36
1001.36
999.562
1000.83
1001.14
1001.27
1001.32
1001.35
1001.35
1001.36
1001.36
1001.36
1001.36
1001.36
1001.36
1001.36
1001.36
1001.36
1001.36
1001.36
1001.36
1001.36
999.55
1000.84
1001.16
1001.28
1001.33
1001.35
1001.36
1001.36
1001.36
1001.36
1001.36
1001.36
1001.36
1001.36
1001.36
1001.36
1001.36
1001.36
1001.36
1001.36
999.485
1000.88
1001.19
1001.3
1001.34
1001.35
1001.36
1001.36
1001.36
1001.36
1001.36
1001.36
1001.36
1001.36
1001.36
1001.36
1001.36
1001.36
1001.36
1001.36
999.142
1001.09
1001.29
1001.34
1001.35
1001.36
1001.36
1001.36
1001.36
1001.36
1001.36
1001.36
1001.36
1001.36
1001.36
1001.36
1001.36
1001.36
1001.36
1001.36
)
;

boundaryField
{
    leftWall
    {
        type            calculated;
        value           uniform 973.493;
    }
    rightWall
    {
        type            calculated;
        value           uniform 1001.36;
    }
    topWall
    {
        type            calculated;
        value           uniform 1001.36;
    }
    bottomWall
    {
        type            calculated;
        value           uniform 1001.36;
    }
    frontAndBackPlanes
    {
        type            empty;
    }
}


// ************************************************************************* //
